1,336
2,336
3,336
4,336
5,336
6,336
7,336
8,336
9,336
10,336
11,336
12,336
13,336
14,336
15,336
16,336
17,336
18,336
19,336
20,336
21,336
22,336
23,336
24,336
25,336
26,336
27,336
28,336
29,336
30,336
31,336
32,336
33,336
34,336
35,336
36,336
37,336
38,336
39,336
40,336
41,336
42,336
43,336
44,336
45,336
46,336
47,336
48,336
49,336
50,336
51,336
52,336
53,336
54,336
55,336
56,336
57,336
58,336
59,336
60,336
61,336
62,336
63,336
64,336
65,336
66,336
67,336
68,336
69,336
70,336
71,336
72,336
73,336
74,336
75,336
76,336
77,336
78,336
79,336
80,336
81,336
82,336
83,336
84,336
85,336
86,336
87,336
88,336
89,336
90,336
91,336
92,336
93,336
94,336
95,336
96,336
97,336
98,336
99,336
100,336
101,336
102,336
103,336
104,336
105,336
106,336
107,336
108,336
109,336
110,336
111,336
112,336
113,336
114,336
115,336
116,336
117,336
118,336
119,336
120,336
121,336
122,336
123,336
124,336
125,336
126,336
127,336
128,336
129,336
130,336
131,336
132,336
133,336
134,336
135,336
136,336
137,336
138,336
139,336
140,336
141,336
142,336
143,336
144,336
145,336
146,336
147,336
148,336
149,336
150,336
151,336
152,336
153,336
154,336
155,336
156,336
157,336
158,336
159,336
160,336
161,336
162,336
163,336
164,336
165,336
166,336
167,336
168,336
169,336
170,336
171,336
172,336
173,336
174,336
175,336
176,336
177,336
178,336
179,336
180,336
181,336
182,336
183,336
184,336
185,336
186,336
187,336
188,336
189,336
190,336
191,336
192,336
193,336
194,336
195,336
196,336
197,336
198,336
199,336
200,336
201,336
202,336
203,336
204,336
205,336
206,336
207,336
208,336
209,336
210,336
211,336
212,336
213,336
214,336
215,336
216,336
217,336
218,336
219,336
220,336
221,336
222,336
223,336
224,336
225,336
226,336
227,336
228,336
229,336
230,336
231,336
232,336
233,336
234,336
235,336
236,336
237,336
238,336
239,336
240,336
241,336
242,336
243,336
244,336
245,336
246,336
247,336
248,336
249,336
250,336
251,336
252,336
253,336
254,336
255,336
256,336
257,336
258,336
259,336
260,336
261,336
262,336
263,336
264,336
265,336
266,336
267,336
268,336
269,336
270,336
271,336
272,336
273,336
274,336
275,336
276,336
277,336
278,336
279,336
280,336
281,336
282,336
283,336
284,336
285,336
286,336
287,336
288,336
289,336
290,336
291,336
292,336
293,336
294,336
295,336
296,336
297,336
298,336
299,336
300,336
301,336
302,336
303,336
304,336
305,336
306,336
307,336
308,336
309,336
310,336
311,336
312,336
313,336
314,336
315,336
316,337
317,337
318,337
319,338
320,338
321,338
322,339
323,339
324,339
325,340
326,340
327,340
328,341
329,341
330,341
331,342
332,342
333,342
334,342
335,342
336,342
337,342
338,342
339,342
340,342
341,342
342,342
343,342
344,342
345,342
346,342
347,342
348,342
349,342
350,342
351,342
352,342
353,342
354,342
355,342
356,342
357,342
358,342
359,342
360,342
361,342
362,342
363,342
364,342
365,342
366,342
367,342
368,342
369,342
370,342
371,342
372,342
373,342
374,342
375,342
376,342
377,342
378,342
379,342
380,342
381,342
382,342
383,342
384,342
385,342
386,342
387,342
388,342
389,341
390,341
391,340
392,340
393,339
394,339
395,338
396,338
397,337
398,337
399,336
400,336
401,335
402,335
403,334
404,334
405,333
406,333
407,332
408,332
409,331
410,331
411,330
412,330
413,329
414,329
415,329
416,329
417,328
418,328
419,328
420,327
421,327
422,326
423,326
424,325
425,325
426,324
427,324
428,323
429,323
430,322
431,322
432,321
433,321
434,320
435,319
436,318
437,318
438,317
439,317
440,316
441,316
442,315
443,315
444,314
445,314
446,313
447,313
448,312
449,312
450,311
451,312
452,310
453,310
454,309
455,309
456,308
457,307
458,307
459,306
460,306
461,305
462,305
463,304
464,304
465,303
466,303
467,302
468,302
469,301
470,301
471,300
472,300
473,299
474,299
475,298
476,298
477,297
478,297
479,297
480,296
481,296
482,296
483,295
484,295
485,295
486,294
487,294
488,294
489,293
490,293
491,293
492,292
493,292
494,292
495,291
496,291
497,291
498,290
499,290
500,290
536,289
536,288
536,287
536,286
536,285
536,284
536,283
536,282
536,281
536,280
536,279
536,278
536,277
536,276
536,275
536,274
536,273
536,272
536,271
536,270
536,269
536,268
536,267
536,266
537,266
538,266
539,266
540,266
541,266
542,266
543,266
544,266
545,266
546,266
547,266
548,266
549,266
550,266
551,266
552,266
553,266
554,266
555,266
556,266
557,266
558,266
559,266
560,266
561,266
562,266
563,266
564,266
565,266
566,266
567,266
568,266
569,266
570,266
571,266
572,266
573,266
574,266
575,266
576,266
577,266
578,266
579,266
580,266
581,266
582,266
583,266
584,266
585,266
586,266
587,266
588,266
589,266
590,266
591,266
592,266
593,266
594,266
595,266
596,266
597,267
598,268
599,269
600,270
600,279
601,280
601,281
602,282
602,283
603,284
603,285
604,286
604,287
605,288
605,288
606,288
607,288
608,288
609,288
610,288
611,288
612,288
613,288
614,288
615,288
616,288
617,288
618,288
619,288
620,288
621,288
622,288
623,288
624,288
625,288
626,288
627,288
628,288
629,288
630,288
631,288
632,288
633,288
634,288
635,288
636,288
637,288
638,288
639,288
640,288
641,288
642,288
643,288
644,288
645,288
646,288
647,288
648,288
649,288
650,288
651,288
652,288
653,288
654,288
655,288
656,288
657,288
658,288
659,288
660,288
661,288
662,288
663,288
664,288
665,288
666,288
667,288
668,288
669,288
670,288
671,288
672,288
673,288
674,288
675,288
676,288
677,288
678,288
678,288
678,287
678,286
678,285
678,284
678,283
678,282
678,281
678,280
678,279
678,278
678,277
678,276
678,275
678,274
678,273
678,272
678,271
678,270
678,269
678,268
678,267
678,266
678,265
678,264
678,263
678,262
678,261
678,260
678,260
679,260
680,260
681,260
682,260
683,260
684,260
685,260
686,260
687,260
688,260
689,260
690,260
691,260
692,260
692,260
692,259
692,258
692,257
692,256
692,255
692,254
692,253
692,252
692,251
692,250
692,249
692,248
692,247
692,246
693,246
694,246
695,246
696,246
697,246
698,246
699,246
700,246
700,246
701,246
702,246
703,246
704,246
705,246
706,246
707,246
708,246
709,246
710,246
711,246
712,246
713,246
714,246
715,246
716,246
717,246
718,246
719,246
720,246
721,246
722,246
723,246
724,246
725,246
726,246
727,246
728,246
729,246
730,246
731,246
732,246
733,246
734,246
735,246
736,246
737,246
738,246
739,246
740,246
741,246
742,246
743,246
744,246
745,246
746,246
747,246
748,246
749,246
750,246
751,246
752,246
753,246
754,246
755,246
756,246
757,246
758,246
759,246
760,246
761,246
762,246
763,246
764,246
765,246
766,246
767,246
768,246
769,246
770,246
771,246
772,246
773,246
774,246
775,246
776,246
777,246
778,246
779,246
780,246
781,246
782,246
783,246
784,246
785,246
786,246
787,246
788,246
789,246
790,246
791,246
792,246
793,246
794,246
795,246
796,246
797,246
798,246
799,246
800,246
800,246
801,247
802,247
803,248
804,248
805,249
806,249
807,250
808,250
809,251
810,251
811,252
812,252
813,253
814,253
815,254
816,254
817,255
818,255
819,256
820,256
821,257
822,257
823,258
824,258
825,259
826,259
827,260
828,260
829,261
830,261
831,262
832,262
833,263
834,263
834,264
835,264
836,265
837,265
838,266
839,266
840,267
841,267
842,268
843,268
844,269
845,269
846,270
847,270
848,271
849,271
850,272
851,272
852,273
853,273
854,274
855,274
856,275
857,275
858,276
859,276
860,277
861,277
862,278
863,279
864,279
865,280
866,280
867,281
868,281
869,281
870,282
871,283
872,283
873,284
874,284
875,285
876,285
877,286
878,286
878,286
879,286
880,286
881,286
882,286
883,286
884,286
885,286
886,286
887,286
888,286
889,286
890,286
891,286
892,286
893,286
894,286
895,286
896,286
897,286
898,286
899,286
900,286
901,286
902,286
903,286
904,286
905,286
906,286
907,286
908,286
909,286
910,286
911,286
912,286
913,286
914,286
915,286
916,286
917,286
918,286
919,286
920,286
921,286
922,286
923,286
924,286
925,286
926,286
927,286
928,286
929,286
930,286
931,286
932,286
933,286
934,286
935,286
936,286
937,286
938,286
939,286
939,287
939,288
939,289
939,290
939,291
939,292
939,293
939,294
939,295
939,296
939,296
940,296
941,296
942,296
943,296
944,296
945,296
946,296
947,296
948,296
949,296
950,296
951,296
952,296
953,296
954,296
955,296
956,296
957,296
958,296
959,296
960,296
961,296
962,296
963,296
964,296
965,296
966,296
967,296
968,296
969,296
970,296
971,296
972,296
973,296
974,296
975,296
976,296
977,296
978,296
979,296
980,296
981,296
981,297
982,298
982,299
983,300
983,301
984,302
984,303
985,304
985,305
986,306
986,307
987,308
987,309
988,310
989,310
990,310
991,310
992,310
993,310
994,310
995,310
996,310
997,310
998,310
999,310
1000,310
1001,310
1002,310
1003,310
1004,310
1005,310
1006,310
1007,310
1008,310
1009,310
1010,310
1011,310
1012,310
1013,310
1014,310
1015,310
1016,310
1017,310
1018,310
1019,310
1020,310
1021,310
1022,310
1023,310
1024,310
1025,310
1026,310
1027,310
1028,310
1029,310
1030,310
1031,310
1032,310
1033,310
1034,310
1035,310
1036,310
1037,310
1038,310
1038,310
1038,311
1038,312
1038,313
1038,314
1038,315
1038,316
1038,317
1038,318
1038,319
1038,320
1038,321
1038,322
1038,323
1038,324
1038,325
1038,326
1038,327
1038,328
1038,329
1038,330
1038,331
1038,332
1038,333
1038,334
1038,334
1039,334
1040,334
1041,334
1042,334
1043,334
1044,334
1045,334
1046,334
1047,334
1048,334
1049,334
1050,334
1051,334
1052,334
1053,334
1054,334
1055,334
1056,334
1057,334
1058,334
1059,334
1060,334
1061,334
1062,334
1063,334
1064,334
1065,334
1066,334
1067,334
1068,334
1069,334
1070,334
1071,334
1072,334
1073,334
1074,334
1075,334
1076,334
1077,334
1078,334
1079,334
1080,334
1081,334
1082,334
1083,334
1084,334
1085,334
1086,334